0.00000000000000e+00
5.00000000000000e-01
1.00000000000000e+00
1.50000000000000e+00
2.00000000000000e+00
2.50000000000000e+00
3.00000000000000e+00
5.00000000000000e-01
1.00000000000000e+00
1.50000000000000e+00
2.00000000000000e+00
2.50000000000000e+00
3.00000000000000e+00
3.50000000000000e+00
1.00000000000000e+00
1.50000000000000e+00
2.00000000000000e+00
2.50000000000000e+00
3.00000000000000e+00
3.50000000000000e+00
4.00000000000000e+00
1.50000000000000e+00
2.00000000000000e+00
2.50000000000000e+00
3.00000000000000e+00
3.50000000000000e+00
4.00000000000000e+00
4.50000000000000e+00
2.00000000000000e+00
2.50000000000000e+00
3.00000000000000e+00
3.50000000000000e+00
4.00000000000000e+00
4.50000000000000e+00
5.00000000000000e+00
2.50000000000000e+00
3.00000000000000e+00
3.50000000000000e+00
4.00000000000000e+00
4.50000000000000e+00
0.00000000000000e+00
0.00000000000000e+00
3.00000000000000e+00
3.50000000000000e+00
4.00000000000000e+00
4.50000000000000e+00
5.00000000000000e+00
0.00000000000000e+00
0.00000000000000e+00
